select u.handle, u.email as email_address
  from email_user u
 where u.status = 'A' 
   and u.user_id in (
107798,
119676,
128955,
129196,
150732,
156491,
156990,
158819,
159603,
251184,
260590,
262692,
263396,
271496,
277907,
281137,
293978,
296158,
297731,
299904,
303644,
306976,
7331465,
7442489,
7443736,
7465258,
7532234,
8376247,
8388603,
8395757,
8447770,
8498532,
8549934,
8598931,
9955033,
9977783,
10061678,
10063622,
10135324,
10285155,
10294027,
10396102,
10436917,
10445177,
10459590,
10465982,
10485127,
10487421,
10509857,
10551000,
10551009,
10559345,
10559416,
10576382,
10607498,
10612525,
10616905,
10643551,
10655058,
10662141,
10668618,
10682770,
10682893,
10683984,
10684198,
10685224,
10685777,
10688654,
10691155,
10696727,
10697779,
11770900,
11787671,
11788602,
11797804,
11814801)