select handle, email as email_address from user where user_id in (2058097,
21112148,
15709681,
21166136,
20187495,
20319517,
20156359,
20527917,
15179349,
7305703,
274320,
10083726,
155492,
10624682,
8433628,
8360460,
289235,
20901868,
15009951,
21032196,
15306175,
19978040,
15216227,
15566003,
20680489,
20680489,
15458554,
21119947,
20056044,
21101495,
10023684,
19944856,
11961719,
10550532,
21169893,
9923666,
20258102,
20289773,
8496794,
15128857,
21071129,
8446475,
13358674,
19914523,
19987788,
21110927,
13306626,
11888687,
7392939,
20539063,
21017762,
21192196,
21190195,
15950979,
8584653,
20422965,
15580420,
15967628,
15381244,
9995508,
21159810,
15208213,
21079022,
14881583,
8451610,
20549004,
15989447,
21113833,
20824380,
20114746,
12005484,
21167863,
15795833,
14840655,
16067249,
15704068,
11813261,
10687729,
21114813,
10459051,
21164340,
20059454,
21032630,
20015112,
14939217,
20644341,
20685142,
15108618,
16202306,
20873176,
21193107,
10538053,
15782096,
7488783,
7545995,
7545903,
14881881,
20826878,
21110658,
11833327,
20169211,
21168756,
16067996,
7402430,
13366203,
20979543,
20282299,
7580194,
15844910,
8450035,
14906933,
21075140,
14880133,
20848364,
11992157,
15436307,
21094127,
16066888,
21182356,
15726652,
14786658,
10445425,
10127975,
7446397,
15329602,
20150526,
20334574,
20375715,
2058798,
20882460,
16050207,
13260978,
15135783,
21193445,
7210729,
21099734,
11780323,
15727536,
10144659,
13296093,
7233906,
15276551,
9917784,
21093143,
21114831,
20910418,
10637102,
20824599,
110079,
15917952,
20464007,
21085999,
21028504,
21092143,
21194930,
15900293,
19852194,
20112556,
347429,
8449746,
13391701,
8535434,
20814283,
10606125)