select handle, email as email_address from user where user_id in (8357090,
144400,
10574855,
251074,
8355516,
9906197,
7462740,
270505,
7442498,
7421158,
10481120,
311170,
8394868,
310333,
260835,
307060,
269554,
11829284,
262936,
275071,
287105,
7390224,
274023,
8365685,
7390467,
19849563,
7485898,
9958600,
293874,
8547850,
7502813,
301937,
15600311,
308953,
2058177,
309453,
15485957,
7479769,
304031,
308453,
7428266,
156216,
7459080,
279471,
262056,
10498974,
10428762,
10332088,
7546003,
288584,
7433858,
11888018,
297823,
7446789,
7452866,
10599449,
10676764,
287266,
7459326,
346607,
8359547,
14970299,
7340263,
8348794,
156592,
15616795,
309982,
15094447,
8472826,
10157606,
153656,
152340,
8584656,
347569,
15805598,
264869,
7504863,
2059354,
7358786,
10610339,
8493941,
11899489,
287568,
15548523,
310430,
7311097,
16056363,
7338095,
284007,
286375,
8349097,
7394165,
281028,
14966835,
15206296,
19814616,
155275,
303185,
308657,
7454301)